% time-domain current integration by openEMS v0.0.36 @Fri Jan  9 14:25:14 2026
% start-coordinates: (-0.0331322,-0.000374621,0.000127) m -> [38,22,2]
% stop-coordinates: (-0.0331322,0.00026269,0.00033655) m -> [38,29,5]
% t/s	current
8.6130552106e-14	0
1.78290242859e-11	-2.58851845651e-29
3.55719180198e-11	-5.83787304522e-15
5.33148117536e-11	-9.43771363143e-12
7.10577054874e-11	-8.96084817459e-10
8.88005992213e-11	-4.63188021271e-09
1.06543492955e-10	-4.82267026314e-09
1.24286386689e-10	1.21745849513e-10
1.42029280423e-10	2.14464321857e-08
1.59772174157e-10	7.40594785498e-08
1.7751506789e-10	1.74644057438e-07
1.95257961624e-10	3.30880709498e-07
2.13000855358e-10	5.18727233612e-07
2.30743749092e-10	6.53572044484e-07
2.48486642826e-10	5.68652126276e-07
2.6622953656e-10	2.49312197553e-08
2.83972430293e-10	-1.22198127883e-06
3.01715324027e-10	-3.28952000928e-06
3.19458217761e-10	-6.00117618887e-06
3.37201111495e-10	-8.76192825672e-06
3.54944005229e-10	-1.05783974504e-05
3.72686898963e-10	-1.02957201307e-05
3.90429792696e-10	-7.02980059941e-06
4.0817268643e-10	-6.48393097435e-07
4.25915580164e-10	7.92978426034e-06
4.43658473898e-10	1.68228852999e-05
4.61401367632e-10	2.37120202655e-05
4.79144261365e-10	2.6640123906e-05
4.96887155099e-10	2.47408115683e-05
5.14630048833e-10	1.85812150448e-05
5.32372942567e-10	9.93968751573e-06
5.50115836301e-10	1.13445071293e-06
5.67858730035e-10	-5.79489096708e-06
5.85601623768e-10	-9.70234032138e-06
6.03344517502e-10	-1.05333583633e-05
6.21087411236e-10	-9.10626931727e-06
6.3883030497e-10	-6.63887703922e-06
6.56573198704e-10	-4.27473878517e-06
6.74316092438e-10	-2.74785361398e-06
6.92058986171e-10	-2.2648241611e-06
7.09801879905e-10	-2.56055295722e-06
7.27544773639e-10	-3.0606886412e-06
7.45287667373e-10	-3.09125539388e-06
7.63030561107e-10	-2.09452605304e-06
7.80773454841e-10	1.80848047648e-07
7.98516348574e-10	3.56429609383e-06
8.16259242308e-10	7.45343641029e-06
8.34002136042e-10	1.09389484351e-05
8.51745029776e-10	1.30383368742e-05
8.6948792351e-10	1.29743511934e-05
8.87230817244e-10	1.04167011159e-05
9.04973710977e-10	5.61158822165e-06
9.22716604711e-10	-6.3333362732e-07
9.40459498445e-10	-7.12277869752e-06
9.58202392179e-10	-1.25500082504e-05
9.75945285913e-10	-1.5816085579e-05
9.93688179647e-10	-1.63048316608e-05
1.01143107338e-09	-1.4032279978e-05
1.02917396711e-09	-9.62271133176e-06
1.04691686085e-09	-4.11857763538e-06
1.06465975458e-09	1.31121794311e-06
1.08240264832e-09	5.66618882658e-06
1.10014554205e-09	8.32261139294e-06
1.11788843578e-09	9.10854851099e-06
1.13563132952e-09	8.25167717267e-06
1.15337422325e-09	6.24425638307e-06
1.17111711698e-09	3.68234532289e-06
1.18886001072e-09	1.12480063308e-06
1.20660290445e-09	-1.00254044355e-06
1.22434579819e-09	-2.45080400418e-06
1.24208869192e-09	-3.1475005926e-06
1.25983158565e-09	-3.16407181344e-06
1.27757447939e-09	-2.66724964604e-06
1.29531737312e-09	-1.86614397535e-06
1.31306026686e-09	-9.66692709881e-07
1.33080316059e-09	-1.39339945804e-07
1.34854605432e-09	5.00676833326e-07
1.36628894806e-09	8.97809059097e-07
1.38403184179e-09	1.04990567706e-06
1.40177473552e-09	9.94648189589e-07
1.41951762926e-09	7.93086996964e-07
1.43726052299e-09	5.13386169132e-07
1.45500341673e-09	2.18856627043e-07
1.47274631046e-09	-3.97140702546e-08
1.49048920419e-09	-2.29452027156e-07
1.50823209793e-09	-3.36280436386e-07
1.52597499166e-09	-3.62761426231e-07
1.5437178854e-09	-3.24228352611e-07
1.56146077913e-09	-2.43436431902e-07
1.57920367286e-09	-1.44656411294e-07
1.5969465666e-09	-4.94606204882e-08
1.61468946033e-09	2.68211248766e-08
1.63243235406e-09	7.64392922292e-08
1.6501752478e-09	9.87549029219e-08
1.66791814153e-09	9.82611325639e-08
1.68566103527e-09	8.21573493681e-08
1.703403929e-09	5.81701726787e-08
1.72114682273e-09	3.27246993947e-08
1.73888971647e-09	1.04455564198e-08
1.7566326102e-09	-6.23218765483e-09
1.77437550394e-09	-1.66664069212e-08
1.79211839767e-09	-2.15207069942e-08
1.8098612914e-09	-2.21220251007e-08
1.82760418514e-09	-2.00108427606e-08
1.84534707887e-09	-1.65329456792e-08
1.8630899726e-09	-1.26625998575e-08
