% time-domain voltage integration by openEMS v0.0.36 @Fri Jan  9 14:25:14 2026
% start-coordinates: (0.0335761,0,0.000254) m -> [197,26,4]
% stop-coordinates: (0.0335761,0,0) m -> [197,26,0]
% t/s	voltage
0	0
1.77428937338e-11	0
3.54857874677e-11	0
5.32286812015e-11	0
7.09715749353e-11	0
8.87144686691e-11	0
1.06457362403e-10	0
1.24200256137e-10	0
1.41943149871e-10	0
1.59686043604e-10	0
1.77428937338e-10	0
1.95171831072e-10	0
2.12914724806e-10	-8.90649191677e-29
2.3065761854e-10	-1.63224951704e-21
2.48400512274e-10	-4.58848031037e-16
2.66143406007e-10	-1.55693570558e-12
2.83886299741e-10	-9.50583535497e-12
3.01629193475e-10	-2.93401175751e-11
3.19372087209e-10	-3.55580235395e-12
3.37114980943e-10	3.58792431529e-11
3.54857874677e-10	1.09673516796e-10
3.7260076841e-10	3.16410085632e-10
3.90343662144e-10	7.01912097889e-10
4.08086555878e-10	1.07308806285e-09
4.25829449612e-10	-5.19791432119e-11
4.43572343346e-10	-1.94964377975e-08
4.6131523708e-10	-1.23508776539e-07
4.79058130813e-10	-1.63850803148e-07
4.96801024547e-10	-4.13346468164e-08
5.14543918281e-10	5.2724375621e-07
5.32286812015e-10	1.9340054962e-06
5.50029705749e-10	4.72659712614e-06
5.67772599483e-10	9.23026777855e-06
5.85515493216e-10	1.49297006828e-05
6.0325838695e-10	1.96278624571e-05
6.21001280684e-10	1.88095223166e-05
6.38744174418e-10	5.38921153748e-06
6.56487068152e-10	-2.81960728898e-05
6.74229961886e-10	-8.6607549747e-05
6.91972855619e-10	-0.00016637484805
7.09715749353e-10	-0.000251742763794
7.27458643087e-10	-0.000314558383252
7.45201536821e-10	-0.000320635190292
7.62944430555e-10	-0.000242570076807
7.80687324288e-10	-7.47743615648e-05
7.98430218022e-10	0.000156682322995
8.16173111756e-10	0.000396470226406
8.3391600549e-10	0.000576974518481
8.51658899224e-10	0.000644768253551
8.69401792958e-10	0.000584541587159
8.87144686691e-10	0.000428263003414
9.04887580425e-10	0.000243290131039
9.22630474159e-10	0.000103728274553
9.40373367893e-10	5.83975761401e-05
9.58116261627e-10	0.000110732920803
9.75859155361e-10	0.000220019082917
9.93602049094e-10	0.000322157262417
1.01134494283e-09	0.000358898105333
1.02908783656e-09	0.000301462539937
1.0468307303e-09	0.000158993392688
1.06457362403e-09	-2.93601624435e-05
1.08231651776e-09	-0.000212481922063
1.1000594115e-09	-0.000346131200786
1.11780230523e-09	-0.000405403530749
1.13554519897e-09	-0.000387989151932
1.1532880927e-09	-0.000309811875923
1.17103098643e-09	-0.000196766359295
1.18877388017e-09	-7.62538911658e-05
1.2065167739e-09	2.9134599572e-05
1.22425966763e-09	0.000104965123683
1.24200256137e-09	0.000145566373249
1.2597454551e-09	0.00015274019097
1.27748834884e-09	0.000133447643748
1.29523124257e-09	9.72794641712e-05
1.3129741363e-09	5.42599145774e-05
1.33071703004e-09	1.29693853523e-05
1.34845992377e-09	-2.03596528081e-05
1.3662028175e-09	-4.22969606007e-05
1.38394571124e-09	-5.20722414876e-05
1.40168860497e-09	-5.10589979967e-05
1.41943149871e-09	-4.20489432145e-05
1.43717439244e-09	-2.84361908598e-05
1.45491728617e-09	-1.35223010602e-05
1.47266017991e-09	-8.16244938306e-08
1.49040307364e-09	1.00455677057e-05
1.50814596738e-09	1.60037434398e-05
1.52588886111e-09	1.78434843292e-05
1.54363175484e-09	1.63004970091e-05
1.56137464858e-09	1.25118256165e-05
1.57911754231e-09	7.69894563746e-06
1.59686043604e-09	2.94751112051e-06
1.61460332978e-09	-9.51660680926e-07
1.63234622351e-09	-3.58578904525e-06
1.65008911725e-09	-4.88418027089e-06
1.66783201098e-09	-5.03855164879e-06
1.68557490471e-09	-4.38328959262e-06
1.70331779845e-09	-3.28949784034e-06
1.72106069218e-09	-2.07647633488e-06
1.73880358592e-09	-9.79859350991e-07
1.75654647965e-09	-1.35326043704e-07
1.77428937338e-09	4.14339261567e-07
1.79203226712e-09	6.9139625225e-07
1.80977516085e-09	7.55138387376e-07
1.82751805458e-09	6.77254689663e-07
1.84526094832e-09	5.2477324175e-07
1.86300384205e-09	3.4802955895e-07
