% time-domain voltage integration by openEMS v0.0.36 @Fri Jan  9 14:25:14 2026
% start-coordinates: (-0.0326883,0,0.000254) m -> [39,26,4]
% stop-coordinates: (-0.0326883,0,0) m -> [39,26,0]
% t/s	voltage
0	0
1.77428937338e-11	-1.35952983455e-31
3.54857874677e-11	-5.84684375941e-15
5.32286812015e-11	-2.75667801086e-10
7.09715749353e-11	-2.8842166877e-08
8.87144686691e-11	-2.37109411216e-07
1.06457362403e-10	-2.30437485982e-07
1.24200256137e-10	-4.99256902486e-08
1.41943149871e-10	9.10735806769e-07
1.59686043604e-10	3.26953460217e-06
1.77428937338e-10	7.86143095866e-06
1.95171831072e-10	1.5138569097e-05
2.12914724806e-10	2.412483218e-05
2.3065761854e-10	3.10518557853e-05
2.48400512274e-10	2.82590622191e-05
2.66143406007e-10	4.49046740414e-06
2.83886299741e-10	-5.21444080732e-05
3.01629193475e-10	-0.000148071940202
3.19372087209e-10	-0.000276255552308
3.37114980943e-10	-0.000409887325077
3.54857874677e-10	-0.000502620532643
3.7260076841e-10	-0.000499066431075
3.90343662144e-10	-0.000354932220944
4.08086555878e-10	-6.0293414208e-05
4.25829449612e-10	0.000344969164871
4.43572343346e-10	0.000773708641645
4.6131523708e-10	0.00111521477811
4.79058130813e-10	0.00127271411475
4.96801024547e-10	0.00119965799968
5.14543918281e-10	0.000917494282476
5.32286812015e-10	0.000507397664478
5.50029705749e-10	7.93211438577e-05
5.67772599483e-10	-0.000266928713245
5.85515493216e-10	-0.00047176102089
6.0325838695e-10	-0.000525990879396
6.21001280684e-10	-0.000460756884422
6.38744174418e-10	-0.000326329281961
6.56487068152e-10	-0.000170314171555
6.74229961886e-10	-2.55640729847e-05
6.91972855619e-10	9.1042213171e-05
7.09715749353e-10	0.000171988063812
7.27458643087e-10	0.000211210623092
7.45201536821e-10	0.000200313825189
7.62944430555e-10	0.000131038857944
7.80687324288e-10	2.25072386684e-06
7.98430218022e-10	-0.000173169053596
8.16173111756e-10	-0.000365451662219
8.3391600549e-10	-0.000532012461917
8.51658899224e-10	-0.00062757669366
8.69401792958e-10	-0.000617047568085
8.87144686691e-10	-0.000486861303216
9.04887580425e-10	-0.000251020195719
9.22630474159e-10	5.0321591516e-05
9.40373367893e-10	0.000359158024366
9.58116261627e-10	0.000613129202975
9.75859155361e-10	0.000760863083997
9.93602049094e-10	0.000774836604251
1.01134494283e-09	0.000657995988149
1.02908783656e-09	0.000442009571998
1.0468307303e-09	0.00017768372345
1.06457362403e-09	-7.92014034232e-05
1.08231651776e-09	-0.000281843698758
1.1000594115e-09	-0.000401993529522
1.11780230523e-09	-0.000433047251136
1.13554519897e-09	-0.000387153180782
1.1532880927e-09	-0.000288531409751
1.17103098643e-09	-0.000165749905136
1.18877388017e-09	-4.51077112302e-05
1.2065167739e-09	5.37474425073e-05
1.22425966763e-09	0.000119706226542
1.24200256137e-09	0.00014998748884
1.2597454551e-09	0.000148485862155
1.27748834884e-09	0.000123396828712
1.29523124257e-09	8.47145147418e-05
1.3129741363e-09	4.2116831537e-05
1.33071703004e-09	3.48823704144e-06
1.34845992377e-09	-2.59444645963e-05
1.3662028175e-09	-4.37788339696e-05
1.38394571124e-09	-5.0096706218e-05
1.40168860497e-09	-4.68006282972e-05
1.41943149871e-09	-3.68408009308e-05
1.43717439244e-09	-2.34385506701e-05
1.45491728617e-09	-9.55697282734e-06
1.47266017991e-09	2.46200727361e-06
1.49040307364e-09	1.1138887885e-05
1.50814596738e-09	1.58715743055e-05
1.52588886111e-09	1.68408810168e-05
1.54363175484e-09	1.48105275457e-05
1.56137464858e-09	1.08728836494e-05
1.57911754231e-09	6.17609543951e-06
1.59686043604e-09	1.72217443151e-06
1.61460332978e-09	-1.79239148679e-06
1.63234622351e-09	-4.0299119064e-06
1.65008911725e-09	-4.98588951814e-06
1.66783201098e-09	-4.88708940338e-06
1.68557490471e-09	-4.08312860145e-06
1.70331779845e-09	-2.93514881378e-06
1.72106069218e-09	-1.73989840846e-06
1.73880358592e-09	-7.07735424044e-07
1.75654647965e-09	5.59137118827e-08
1.77428937338e-09	5.25378226257e-07
1.79203226712e-09	7.35061490786e-07
1.80977516085e-09	7.50733079258e-07
1.82751805458e-09	6.43806558287e-07
1.84526094832e-09	4.76599723243e-07
1.86300384205e-09	2.95084923607e-07
