% time-domain current integration by openEMS v0.0.36 @Fri Jan  9 14:25:14 2026
% start-coordinates: (-0.0335761,-0.000374621,0.000127) m -> [37,22,2]
% stop-coordinates: (-0.0335761,0.00026269,0.00033655) m -> [37,29,5]
% t/s	current
8.6130552106e-14	0
1.78290242859e-11	-6.25397023412e-28
3.55719180198e-11	-2.44142102097e-14
5.33148117536e-11	-1.56405808444e-11
7.10577054874e-11	-1.56190083089e-09
8.88005992213e-11	-4.31474544982e-09
1.06543492955e-10	-5.19433163149e-09
1.24286386689e-10	2.4247346353e-09
1.42029280423e-10	2.66245798741e-08
1.59772174157e-10	8.45902974334e-08
1.7751506789e-10	1.93042623664e-07
1.95257961624e-10	3.56446605565e-07
2.13000855358e-10	5.43814735465e-07
2.30743749092e-10	6.59765589717e-07
2.48486642826e-10	5.25593350176e-07
2.6622953656e-10	-1.04161479442e-07
2.83972430293e-10	-1.46534648593e-06
3.01715324027e-10	-3.64396532859e-06
3.19458217761e-10	-6.40946427666e-06
3.37201111495e-10	-9.104513083e-06
3.54944005229e-10	-1.06929237518e-05
3.72686898963e-10	-1.00285269582e-05
3.90429792696e-10	-6.30599424767e-06
4.0817268643e-10	4.6883963023e-07
4.25915580164e-10	9.22463004827e-06
4.43658473898e-10	1.79763374035e-05
4.61401367632e-10	2.44046350417e-05
4.79144261365e-10	2.66682891379e-05
4.96887155099e-10	2.4095937988e-05
5.14630048833e-10	1.74521646841e-05
5.32372942567e-10	8.63987224875e-06
5.50115836301e-10	-1.31719195551e-08
5.67858730035e-10	-6.56309885017e-06
5.85601623768e-10	-1.00132483567e-05
6.03344517502e-10	-1.04468854261e-05
6.21087411236e-10	-8.76269041328e-06
6.3883030497e-10	-6.19048296358e-06
6.56573198704e-10	-3.83519181923e-06
6.74316092438e-10	-2.37762515098e-06
6.92058986171e-10	-1.98619909497e-06
7.09801879905e-10	-2.38418647314e-06
7.27544773639e-10	-3.00564943245e-06
7.45287667373e-10	-3.18717889058e-06
7.63030561107e-10	-2.36512369156e-06
7.80773454841e-10	-2.5809143267e-07
7.98516348574e-10	3.01183968077e-06
8.16259242308e-10	6.89198759574e-06
8.34002136042e-10	1.05031913336e-05
8.51745029776e-10	1.28574738483e-05
8.6948792351e-10	1.31337437779e-05
8.87230817244e-10	1.09282700578e-05
9.04973710977e-10	6.40359394311e-06
9.22716604711e-10	2.96037853786e-07
9.40459498445e-10	-6.23955702395e-06
9.58202392179e-10	-1.18924790513e-05
9.75945285913e-10	-1.5515679479e-05
9.93688179647e-10	-1.64117227541e-05
1.01143107338e-09	-1.45043741213e-05
1.02917396711e-09	-1.03399879663e-05
1.04691686085e-09	-4.91833452543e-06
1.06465975458e-09	5.90305887727e-07
1.08240264832e-09	5.14595831191e-06
1.10014554205e-09	8.06355001259e-06
1.11788843578e-09	9.10778544494e-06
1.13563132952e-09	8.45682825457e-06
1.15337422325e-09	6.57550890537e-06
1.17111711698e-09	4.05485752708e-06
1.18886001072e-09	1.46625359321e-06
1.20660290445e-09	-7.41560711504e-07
1.22434579819e-09	-2.29393253903e-06
1.24208869192e-09	-3.09483289129e-06
1.25983158565e-09	-3.1983174722e-06
1.27757447939e-09	-2.76100149676e-06
1.29531737312e-09	-1.98927023121e-06
1.31306026686e-09	-1.09177199192e-06
1.33080316059e-09	-2.45631014195e-07
1.34854605432e-09	4.25538672744e-07
1.36628894806e-09	8.57996838022e-07
1.38403184179e-09	1.04281184576e-06
1.40177473552e-09	1.01307443856e-06
1.41951762926e-09	8.27696680972e-07
1.43726052299e-09	5.54769314931e-07
1.45500341673e-09	2.58755761706e-07
1.47274631046e-09	-7.22446014123e-09
1.49048920419e-09	-2.07811112318e-07
1.50823209793e-09	-3.26367143089e-07
1.52597499166e-09	-3.63352029353e-07
1.5437178854e-09	-3.32652746238e-07
1.56146077913e-09	-2.56311039948e-07
1.57920367286e-09	-1.58727345934e-07
1.5969465666e-09	-6.1957010189e-08
1.61468946033e-09	1.75925656265e-08
1.63243235406e-09	7.1160350501e-08
1.6501752478e-09	9.72000577804e-08
1.66791814153e-09	9.95478117716e-08
1.68566103527e-09	8.51947206115e-08
1.703403929e-09	6.18583015921e-08
1.72114682273e-09	3.6226484923e-08
1.73888971647e-09	1.32198616498e-08
1.7566326102e-09	-4.39078418069e-09
1.77437550394e-09	-1.57345727558e-08
1.79211839767e-09	-2.12783834996e-08
1.8098612914e-09	-2.23439293734e-08
1.82760418514e-09	-2.04413286298e-08
1.84534707887e-09	-1.70191984949e-08
1.8630899726e-09	-1.31440582862e-08
