% time-domain current integration by openEMS v0.0.36 @Fri Jan  9 14:25:14 2026
% start-coordinates: (0.0331322,-0.000374621,0.000127) m -> [196,22,2]
% stop-coordinates: (0.0331322,0.00026269,0.00033655) m -> [196,29,5]
% t/s	current
8.6130552106e-14	-0
1.78290242859e-11	-0
3.55719180198e-11	-0
5.33148117536e-11	-0
7.10577054874e-11	-0
8.88005992213e-11	-0
1.06543492955e-10	-0
1.24286386689e-10	-0
1.42029280423e-10	-0
1.59772174157e-10	-0
1.7751506789e-10	-0
1.95257961624e-10	-0
2.13000855358e-10	9.39410066565e-29
2.30743749092e-10	9.19981452137e-22
2.48486642826e-10	1.39733807699e-16
2.6622953656e-10	2.52117012163e-13
2.83972430293e-10	-8.86497499757e-14
3.01715324027e-10	1.32970490088e-12
3.19458217761e-10	-1.49356297729e-12
3.37201111495e-10	-3.75428767935e-12
3.54944005229e-10	-9.64686230204e-12
3.72686898963e-10	-2.17183007689e-11
3.90429792696e-10	-4.01181206311e-11
4.0817268643e-10	-5.44331801855e-11
4.25915580164e-10	-1.93069397275e-11
4.43658473898e-10	4.88985241187e-10
4.61401367632e-10	2.84511947335e-09
4.79144261365e-10	3.34228489329e-09
4.96887155099e-10	6.60734356117e-10
5.14630048833e-10	-1.20890044641e-08
5.32372942567e-10	-4.33509477205e-08
5.50115836301e-10	-1.04394572986e-07
5.67858730035e-10	-2.01225830665e-07
5.85601623768e-10	-3.21015534155e-07
6.03344517502e-10	-4.14245988622e-07
6.21087411236e-10	-3.81940196803e-07
6.3883030497e-10	-7.32758849153e-08
6.56573198704e-10	6.67406141019e-07
6.74316092438e-10	1.92857760339e-06
6.92058986171e-10	3.61886236533e-06
7.09801879905e-10	5.38834683539e-06
7.27544773639e-10	6.63153059577e-06
7.45287667373e-10	6.63584842187e-06
7.63030561107e-10	4.85388181914e-06
7.80773454841e-10	1.21551511256e-06
7.98516348574e-10	-3.680995178e-06
8.16259242308e-10	-8.64546200319e-06
8.34002136042e-10	-1.22694927995e-05
8.51745029776e-10	-1.34834044729e-05
8.6948792351e-10	-1.20412314573e-05
8.87230817244e-10	-8.67938797455e-06
9.04973710977e-10	-4.83568601339e-06
9.22716604711e-10	-2.03628883355e-06
9.40459498445e-10	-1.23773213545e-06
9.58202392179e-10	-2.43786030296e-06
9.75945285913e-10	-4.73609907203e-06
9.93688179647e-10	-6.78811238686e-06
1.01143107338e-09	-7.41425947126e-06
1.02917396711e-09	-6.07191122981e-06
1.04691686085e-09	-3.00462420455e-06
1.06465975458e-09	9.43345582982e-07
1.08240264832e-09	4.70843815492e-06
1.10014554205e-09	7.39308597986e-06
1.11788843578e-09	8.51110598887e-06
1.13563132952e-09	8.04302908364e-06
1.15337422325e-09	6.33833724351e-06
1.17111711698e-09	3.9425972318e-06
1.18886001072e-09	1.42407213843e-06
1.20660290445e-09	-7.54050290652e-07
1.22434579819e-09	-2.30010346058e-06
1.24208869192e-09	-3.10468522002e-06
1.25983158565e-09	-3.2128523344e-06
1.27757447939e-09	-2.7752778351e-06
1.29531737312e-09	-1.99562236958e-06
1.31306026686e-09	-1.08426365841e-06
1.33080316059e-09	-2.19714934246e-07
1.34854605432e-09	4.70042323286e-07
1.36628894806e-09	9.16311591936e-07
1.38403184179e-09	1.1061740679e-06
1.40177473552e-09	1.07120524717e-06
1.41951762926e-09	8.71814449965e-07
1.43726052299e-09	5.80008929774e-07
1.45500341673e-09	2.6519307994e-07
1.47274631046e-09	-1.52086077065e-08
1.49048920419e-09	-2.23700126867e-07
1.50823209793e-09	-3.43543291592e-07
1.52597499166e-09	-3.77032591814e-07
1.5437178854e-09	-3.40432194434e-07
1.56146077913e-09	-2.58095639083e-07
1.57920367286e-09	-1.55770479182e-07
1.5969465666e-09	-5.60343949019e-08
1.61468946033e-09	2.48645033452e-08
1.63243235406e-09	7.87124889712e-08
1.6501752478e-09	1.04454564109e-07
1.66791814153e-09	1.06364105079e-07
1.68566103527e-09	9.16164779596e-08
1.703403929e-09	6.80521594632e-08
1.72114682273e-09	4.23186783394e-08
1.73888971647e-09	1.92928890641e-08
1.7566326102e-09	1.69807590211e-09
1.77437550394e-09	-9.60848556275e-09
1.79211839767e-09	-1.5168064138e-08
1.8098612914e-09	-1.6264857905e-08
1.82760418514e-09	-1.44354377341e-08
1.84534707887e-09	-1.10915108209e-08
1.8630899726e-09	-7.28281035478e-09
