% time-domain current integration by openEMS v0.0.36 @Fri Jan  9 15:20:01 2026
% start-coordinates: (0.0326883,-0.000374621,0.000127) m -> [195,22,2]
% stop-coordinates: (0.0326883,0.00026269,0.00033655) m -> [195,29,5]
% t/s	current
8.6130552106e-14	-0
1.78290242859e-11	-0
3.55719180198e-11	-0
5.33148117536e-11	-0
7.10577054874e-11	-0
8.88005992213e-11	-0
1.06543492955e-10	-0
1.24286386689e-10	-0
1.42029280423e-10	-0
1.59772174157e-10	-0
1.7751506789e-10	-0
1.95257961624e-10	-0
2.13000855358e-10	3.8469697119e-28
2.30743749092e-10	2.82216011207e-21
2.48486642826e-10	3.11845476276e-16
2.6622953656e-10	3.80380893884e-13
2.83972430293e-10	-8.11555466926e-13
3.01715324027e-10	5.26739737168e-14
3.19458217761e-10	-2.23241173811e-12
3.37201111495e-10	-3.09672036278e-12
3.54944005229e-10	-1.13257693155e-11
3.72686898963e-10	-2.27961989563e-11
3.90429792696e-10	-4.13246034614e-11
4.0817268643e-10	-5.58552544494e-11
4.25915580164e-10	8.46456205909e-13
4.43658473898e-10	6.79764522449e-10
4.61401367632e-10	3.24861582079e-09
4.79144261365e-10	2.96599189653e-09
4.96887155099e-10	-2.99868019304e-10
5.14630048833e-10	-1.48501833053e-08
5.32372942567e-10	-4.96932415217e-08
5.50115836301e-10	-1.15716360938e-07
5.67858730035e-10	-2.17334189756e-07
5.85601623768e-10	-3.37709082032e-07
6.03344517502e-10	-4.20480091634e-07
6.21087411236e-10	-3.58846904192e-07
6.3883030497e-10	2.03294714396e-09
6.56573198704e-10	8.14204270227e-07
6.74316092438e-10	2.14726560444e-06
6.92058986171e-10	3.87655381928e-06
7.09801879905e-10	5.61332672078e-06
7.27544773639e-10	6.72401392876e-06
7.45287667373e-10	6.500256859e-06
7.63030561107e-10	4.44526995125e-06
7.80773454841e-10	5.75615729304e-07
7.98516348574e-10	-4.41350721303e-06
8.16259242308e-10	-9.27156816033e-06
8.34002136042e-10	-1.26039876704e-05
8.51745029776e-10	-1.34332058224e-05
8.6948792351e-10	-1.16526307465e-05
8.87230817244e-10	-8.12553935248e-06
9.04973710977e-10	-4.34482808487e-06
9.22716604711e-10	-1.79228584329e-06
9.40459498445e-10	-1.30198770876e-06
9.58202392179e-10	-2.72937268164e-06
9.75945285913e-10	-5.0763865147e-06
9.93688179647e-10	-6.98561871104e-06
1.01143107338e-09	-7.34565674065e-06
1.02917396711e-09	-5.7254001149e-06
1.04691686085e-09	-2.47186471825e-06
1.06465975458e-09	1.51427809669e-06
1.08240264832e-09	5.1718989198e-06
1.10014554205e-09	7.65181266615e-06
1.11788843578e-09	8.53534311318e-06
1.13563132952e-09	7.86424516264e-06
1.15337422325e-09	6.02691807217e-06
1.17111711698e-09	3.58162606062e-06
1.18886001072e-09	1.08768210794e-06
1.20660290445e-09	-1.01383568563e-06
1.22434579819e-09	-2.45761066253e-06
1.24208869192e-09	-3.15841316478e-06
1.25983158565e-09	-3.17923900184e-06
1.27757447939e-09	-2.68106987278e-06
1.29531737312e-09	-1.87105570149e-06
1.31306026686e-09	-9.56828671406e-07
1.33080316059e-09	-1.10706928069e-07
1.34854605432e-09	5.47569754872e-07
1.36628894806e-09	9.57508632382e-07
1.38403184179e-09	1.11320161977e-06
1.40177473552e-09	1.05124024685e-06
1.41951762926e-09	8.34618106182e-07
1.43726052299e-09	5.35664298695e-07
1.45500341673e-09	2.22767553737e-07
1.47274631046e-09	-4.93198939466e-08
1.49048920419e-09	-2.45885843242e-07
1.50823209793e-09	-3.53101540895e-07
1.52597499166e-09	-3.75553298682e-07
1.5437178854e-09	-3.31031742462e-07
1.56146077913e-09	-2.44411097583e-07
1.57920367286e-09	-1.41253096331e-07
1.5969465666e-09	-4.34115392522e-08
1.61468946033e-09	3.40131052212e-08
1.63243235406e-09	8.38004936554e-08
1.6501752478e-09	1.05863811939e-07
1.66791814153e-09	1.04990078853e-07
1.68566103527e-09	8.85696991304e-08
1.703403929e-09	6.43379678422e-08
1.72114682273e-09	3.87586212014e-08
1.73888971647e-09	1.6407712522e-08
1.7566326102e-09	-3.12889103515e-10
1.77437550394e-09	-1.07569766428e-08
