% time-domain voltage integration by openEMS v0.0.36 @Fri Jan  9 14:25:14 2026
% start-coordinates: (-0.0331322,0,0.000254) m -> [38,26,4]
% stop-coordinates: (-0.0331322,0,0) m -> [38,26,0]
% t/s	voltage
0	0
1.77428937338e-11	-4.42799844621e-30
3.54857874677e-11	-3.10880708925e-14
5.32286812015e-11	-3.79191525401e-10
7.09715749353e-11	-5.34585309353e-08
8.87144686691e-11	-2.08191991646e-07
1.06457362403e-10	-2.39391713563e-07
1.24200256137e-10	5.15607858631e-08
1.41943149871e-10	1.11365395128e-06
1.59686043604e-10	3.74170656414e-06
1.77428937338e-10	8.72612440617e-06
1.95171831072e-10	1.63667550623e-05
2.12914724806e-10	2.5380947136e-05
2.3065761854e-10	3.14964227073e-05
2.48400512274e-10	2.64799755314e-05
2.66143406007e-10	-1.27108290826e-06
2.83886299741e-10	-6.33165600448e-05
3.01629193475e-10	-0.000164664579643
3.19372087209e-10	-0.000295767305943
3.37114980943e-10	-0.000426814403909
3.54857874677e-10	-0.000509279721882
3.7260076841e-10	-0.000487938472361
3.90343662144e-10	-0.000322008992953
4.08086555878e-10	-8.01168425824e-06
4.25829449612e-10	0.00040680552047
4.43572343346e-10	0.000830045930343
4.6131523708e-10	0.00115054662456
4.79058130813e-10	0.00127671577502
4.96801024547e-10	0.00117113970919
5.14543918281e-10	0.000864901361638
5.32286812015e-10	0.000445541831141
5.50029705749e-10	2.39029868681e-05
5.67772599483e-10	-0.000304556560877
5.85515493216e-10	-0.00048749511916
6.0325838695e-10	-0.000522821108461
6.21001280684e-10	-0.000446169549832
6.38744174418e-10	-0.000308816626784
6.56487068152e-10	-0.000156524001795
6.74229961886e-10	-1.87460914276e-05
6.91972855619e-10	9.11951465241e-05
7.09715749353e-10	0.000168534930708
7.27458643087e-10	0.000208625333471
7.45201536821e-10	0.000203024268558
7.62944430555e-10	0.000141994460137
7.80687324288e-10	2.1833811843e-05
7.98430218022e-10	-0.000147614515299
8.16173111756e-10	-0.000339246551448
8.3391600549e-10	-0.000511886712047
8.51658899224e-10	-0.000619830083451
8.69401792958e-10	-0.000625703803962
8.87144686691e-10	-0.000512310871272
9.04887580425e-10	-0.000289624556899
9.22630474159e-10	5.61349099826e-06
9.40373367893e-10	0.00031718682294
9.58116261627e-10	0.000582438980928
9.75859155361e-10	0.000747568134102
9.93602049094e-10	0.000781095135608
1.01134494283e-09	0.000681548510329
1.02908783656e-09	0.000476929286378
1.0468307303e-09	0.000216107244341
1.06457362403e-09	-4.49562276117e-05
1.08231651776e-09	-0.000257483974565
1.1000594115e-09	-0.000390253320802
1.11780230523e-09	-0.000433642017015
1.13554519897e-09	-0.000397473850171
1.1532880927e-09	-0.000304703899019
1.17103098643e-09	-0.000183708707482
1.18877388017e-09	-6.14200362179e-05
1.2065167739e-09	4.1402126044e-05
1.22425966763e-09	0.000112403602543
1.24200256137e-09	0.000147687107528
1.2597454551e-09	0.000150319930981
1.27748834884e-09	0.000128030384076
1.29523124257e-09	9.06962595764e-05
1.3129741363e-09	4.81367305838e-05
1.33071703004e-09	8.5687063347e-06
1.34845992377e-09	-2.23829479182e-05
1.3662028175e-09	-4.1921744014e-05
1.38394571124e-09	-4.98068457091e-05
1.40168860497e-09	-4.77302992294e-05
1.41943149871e-09	-3.85364064641e-05
1.43717439244e-09	-2.54501260315e-05
1.45491728617e-09	-1.14865420073e-05
1.47266017991e-09	9.03598674995e-07
1.49040307364e-09	1.01124880985e-05
1.50814596738e-09	1.54195943196e-05
1.52588886111e-09	1.68990536622e-05
1.54363175484e-09	1.5244171891e-05
1.56137464858e-09	1.15168027151e-05
1.57911754231e-09	6.86537680394e-06
1.59686043604e-09	2.32375020914e-06
1.61460332978e-09	-1.35725855444e-06
1.63234622351e-09	-3.78953041036e-06
1.65008911725e-09	-4.92127276175e-06
1.66783201098e-09	-4.95512153975e-06
1.68557490471e-09	-4.22721109317e-06
1.70331779845e-09	-3.10349327037e-06
1.72106069218e-09	-1.89738088352e-06
1.73880358592e-09	-8.31749986219e-07
1.75654647965e-09	-2.88925949832e-08
1.77428937338e-09	4.77735184745e-07
1.79203226712e-09	7.17880283219e-07
1.80977516085e-09	7.53792633645e-07
1.82751805458e-09	6.58888524185e-07
1.84526094832e-09	4.98932905657e-07
1.86300384205e-09	3.20244019747e-07
