% time-domain voltage integration by openEMS v0.0.36 @Fri Jan  9 14:25:14 2026
% start-coordinates: (-0.0335761,0,0.000254) m -> [37,26,4]
% stop-coordinates: (-0.0335761,0,0) m -> [37,26,0]
% t/s	voltage
0	0
1.77428937338e-11	-1.33699152112e-28
3.54857874677e-11	-1.50539703045e-13
5.32286812015e-11	-6.75862782407e-10
7.09715749353e-11	-9.27352310498e-08
8.87144686691e-11	-2.08458878603e-07
1.06457362403e-10	-2.56696829126e-07
1.24200256137e-10	1.56007768481e-07
1.41943149871e-10	1.39732310345e-06
1.59686043604e-10	4.28729481428e-06
1.77428937338e-10	9.63577872426e-06
1.95171831072e-10	1.7600708361e-05
2.12914724806e-10	2.65493745246e-05
2.3065761854e-10	3.16872037729e-05
2.48400512274e-10	2.42053733928e-05
2.66143406007e-10	-7.76665967805e-06
2.83886299741e-10	-7.53322474338e-05
3.01629193475e-10	-0.000181915387657
3.19372087209e-10	-0.000315325218253
3.37114980943e-10	-0.000442779011792
3.54857874677e-10	-0.000513811814017
3.7260076841e-10	-0.000473812411656
3.90343662144e-10	-0.000285981797788
4.08086555878e-10	4.641691703e-05
4.25829449612e-10	0.000468878890388
4.43572343346e-10	0.000884301305632
4.6131523708e-10	0.00118187235785
4.79058130813e-10	0.00127591710771
4.96801024547e-10	0.00113844679436
5.14543918281e-10	0.00080994667951
5.32286812015e-10	0.000383631369914
5.50029705749e-10	-2.95853810712e-05
5.67772599483e-10	-0.000339169440849
5.85515493216e-10	-0.000500175039633
6.0325838695e-10	-0.000517335094628
6.21001280684e-10	-0.000430334963312
6.38744174418e-10	-0.000291003350867
6.56487068152e-10	-0.000143042398122
6.74229961886e-10	-1.25194044358e-05
6.91972855619e-10	9.06644272618e-05
7.09715749353e-10	0.000164300457982
7.27458643087e-10	0.000205091932003
7.45201536821e-10	0.000204595875402
7.62944430555e-10	0.000151742548042
7.80687324288e-10	4.04174879804e-05
7.98430218022e-10	-0.000122503824969
8.16173111756e-10	-0.000312640688207
8.3391600549e-10	-0.000490431128128
8.51658899224e-10	-0.000610002956819
8.69401792958e-10	-0.000631935385172
8.87144686691e-10	-0.000535542028956
9.04887580425e-10	-0.000326753455738
9.22630474159e-10	-3.87616273656e-05
9.40373367893e-10	0.00027427515306
9.58116261627e-10	0.000549714095541
9.75859155361e-10	0.000731602689484
9.93602049094e-10	0.000784653326264
1.01134494283e-09	0.000702963443473
1.02908783656e-09	0.000510699843289
1.0468307303e-09	0.00025451707188
1.06457362403e-09	-9.72972884483e-06
1.08231651776e-09	-0.000231503105169
1.1000594115e-09	-0.000376688964025
1.11780230523e-09	-0.000432605331298
1.13554519897e-09	-0.000406621613365
1.1532880927e-09	-0.000320282691973
1.17103098643e-09	-0.000201631348318
1.18877388017e-09	-7.81323142292e-05
1.2065167739e-09	2.83914523607e-05
1.22425966763e-09	0.000104349783214
1.24200256137e-09	0.000144696041389
1.2597454551e-09	0.000151629697939
1.27748834884e-09	0.000132356257382
1.29523124257e-09	9.65831259236e-05
1.3129741363e-09	5.42379448234e-05
1.33071703004e-09	1.3839849089e-05
1.34845992377e-09	-1.85822846106e-05
1.3662028175e-09	-3.983202987e-05
1.38394571124e-09	-4.93333154736e-05
1.40168860497e-09	-4.85379850943e-05
1.41943149871e-09	-4.01756815336e-05
1.43717439244e-09	-2.74546027867e-05
1.45491728617e-09	-1.34446781885e-05
1.47266017991e-09	-7.10264330905e-07
1.49040307364e-09	9.02209967535e-06
1.50814596738e-09	1.49006523316e-05
1.52588886111e-09	1.6896303805e-05
1.54363175484e-09	1.56285891535e-05
1.56137464858e-09	1.21226596548e-05
1.57911754231e-09	7.5381977922e-06
1.59686043604e-09	2.92938415214e-06
1.61460332978e-09	-9.01959339217e-07
1.63234622351e-09	-3.51859426928e-06
1.65008911725e-09	-4.8283735623e-06
1.66783201098e-09	-5.00094120071e-06
1.68557490471e-09	-4.36269510828e-06
1.70331779845e-09	-3.28109155134e-06
1.72106069218e-09	-2.07467036262e-06
1.73880358592e-09	-9.80708989573e-07
1.75654647965e-09	-1.34400131913e-07
1.77428937338e-09	4.18578387951e-07
1.79203226712e-09	6.9769798472e-07
1.80977516085e-09	7.63291154726e-07
1.82751805458e-09	6.84944268414e-07
1.84526094832e-09	5.29521386738e-07
1.86300384205e-09	3.49225985019e-07
