% time-domain voltage integration by openEMS v0.0.36 @Fri Jan  9 15:20:01 2026
% start-coordinates: (0.0326883,0,0.000254) m -> [195,26,4]
% stop-coordinates: (0.0326883,0,0) m -> [195,26,0]
% t/s	voltage
0	0
1.77428937338e-11	0
3.54857874677e-11	0
5.32286812015e-11	0
7.09715749353e-11	0
8.87144686691e-11	0
1.06457362403e-10	0
1.24200256137e-10	0
1.41943149871e-10	0
1.59686043604e-10	0
1.77428937338e-10	0
1.95171831072e-10	0
2.12914724806e-10	-1.59593446326e-27
2.3065761854e-10	-1.64370691263e-20
2.48400512274e-10	-2.4502579463e-15
2.66143406007e-10	-3.8197934941e-12
2.83886299741e-10	4.09046754801e-12
3.01629193475e-10	-3.41983337265e-12
3.19372087209e-10	1.53394113817e-11
3.37114980943e-10	1.73867630363e-11
3.54857874677e-10	1.67079801383e-10
3.7260076841e-10	3.58376363307e-10
3.90343662144e-10	7.57098939097e-10
4.08086555878e-10	1.05703842901e-09
4.25829449612e-10	-1.88708249027e-09
4.43572343346e-10	-3.7280527998e-08
4.6131523708e-10	-1.6194199759e-07
4.79058130813e-10	-1.26986428484e-07
4.96801024547e-10	5.01812742471e-08
5.14543918281e-10	7.90646140558e-07
5.32286812015e-10	2.5393446208e-06
5.50029705749e-10	5.80787127547e-06
5.67772599483e-10	1.07704138372e-05
5.85515493216e-10	1.65295950865e-05
6.0325838695e-10	2.02378641916e-05
6.21001280684e-10	1.66327822626e-05
6.38744174418e-10	-1.7741627687e-06
6.56487068152e-10	-4.2194082198e-05
6.74229961886e-10	-0.000107501731691
6.91972855619e-10	-0.000191047543922
7.09715749353e-10	-0.000273354067758
7.27458643087e-10	-0.000323558422679
7.45201536821e-10	-0.000307858979795
7.62944430555e-10	-0.000203639570827
7.80687324288e-10	-1.36200826546e-05
7.98430218022e-10	0.000226851134357
8.16173111756e-10	0.000456632573332
8.3391600549e-10	0.000609342634561
8.51658899224e-10	0.000640317783109
8.69401792958e-10	0.000547583913431
8.87144686691e-10	0.000375278170395
9.04887580425e-10	0.000196087283257
9.22630474159e-10	7.99621684564e-05
9.40373367893e-10	6.40777616354e-05
9.58116261627e-10	0.00013826400027
9.75859155361e-10	0.000252434510912
9.93602049094e-10	0.000341154431226
1.01134494283e-09	0.000352618226316
1.02908783656e-09	0.000268654803222
1.0468307303e-09	0.000108294243546
1.06457362403e-09	-8.38804899104e-05
1.08231651776e-09	-0.00025691652263
1.1000594115e-09	-0.000371127578546
1.11780230523e-09	-0.000408017076552
1.13554519897e-09	-0.000371116373572
1.1532880927e-09	-0.000280103173282
1.17103098643e-09	-0.000162141735927
1.18877388017e-09	-4.38346105511e-05
1.2065167739e-09	5.43013420611e-05
1.22425966763e-09	0.000120339671412
1.24200256137e-09	0.000150935567945
1.2597454551e-09	0.000149638362927
1.27748834884e-09	0.000124430402138
1.29523124257e-09	8.52620214573e-05
1.3129741363e-09	4.19088610215e-05
1.33071703004e-09	2.36143387156e-06
1.34845992377e-09	-2.79415512523e-05
1.3662028175e-09	-4.63647365905e-05
1.38394571124e-09	-5.28211030542e-05
1.40168860497e-09	-4.91751734444e-05
1.41943149871e-09	-3.84753648177e-05
1.43717439244e-09	-2.4152331207e-05
1.45491728617e-09	-9.40799986893e-06
1.47266017991e-09	3.23707195093e-06
1.49040307364e-09	1.22153596749e-05
1.50814596738e-09	1.69500663105e-05
1.52588886111e-09	1.77171218638e-05
1.54363175484e-09	1.54002395902e-05
1.56137464858e-09	1.11890801691e-05
1.57911754231e-09	6.289006933e-06
1.59686043604e-09	1.71438369989e-06
1.61460332978e-09	-1.85113728435e-06
1.63234622351e-09	-4.0942202304e-06
1.65008911725e-09	-5.03476644553e-06
1.66783201098e-09	-4.91697403504e-06
1.68557490471e-09	-4.09658844092e-06
1.70331779845e-09	-2.9366458989e-06
1.72106069218e-09	-1.73630598965e-06
1.73880358592e-09	-7.03318335127e-07
1.75654647965e-09	5.78431693654e-08
1.77428937338e-09	5.24092271803e-07
