% time-domain voltage integration by openEMS v0.0.36 @Fri Jan  9 15:20:01 2026
% start-coordinates: (0.0331322,0,0.000254) m -> [196,26,4]
% stop-coordinates: (0.0331322,0,0) m -> [196,26,0]
% t/s	voltage
0	0
1.77428937338e-11	0
3.54857874677e-11	0
5.32286812015e-11	0
7.09715749353e-11	0
8.87144686691e-11	0
1.06457362403e-10	0
1.24200256137e-10	0
1.41943149871e-10	0
1.59686043604e-10	0
1.77428937338e-10	0
1.95171831072e-10	0
2.12914724806e-10	-3.80505034203e-28
2.3065761854e-10	-5.23523750693e-21
2.48400512274e-10	-1.07436245544e-15
2.66143406007e-10	-2.48605818006e-12
2.83886299741e-10	-2.9682706488e-12
3.01629193475e-10	-1.76384657748e-11
3.19372087209e-10	1.03515709459e-11
3.37114980943e-10	2.52367233014e-11
3.54857874677e-10	1.38659039112e-10
3.7260076841e-10	3.30788077485e-10
3.90343662144e-10	7.34445101958e-10
4.08086555878e-10	1.07603098654e-09
4.25829449612e-10	-8.10571443299e-10
4.43572343346e-10	-2.72844049576e-08
4.6131523708e-10	-1.43809732123e-07
4.79058130813e-10	-1.46015157299e-07
4.96801024547e-10	-4.63458549316e-09
5.14543918281e-10	6.48608079246e-07
5.32286812015e-10	2.22318681153e-06
5.50029705749e-10	5.2492487157e-06
5.67772599483e-10	9.98345717562e-06
5.85515493216e-10	1.57356444106e-05
6.0325838695e-10	1.99985629479e-05
6.21001280684e-10	1.78632749339e-05
6.38744174418e-10	2.01282125545e-06
6.56487068152e-10	-3.4927355955e-05
6.74229961886e-10	-9.68488602666e-05
6.91972855619e-10	-0.000178665257408
7.09715749353e-10	-0.000262824032689
7.27458643087e-10	-0.000319672137266
7.45201536821e-10	-0.000315141965984
7.62944430555e-10	-0.000224024894123
7.80687324288e-10	-4.4791804612e-05
7.98430218022e-10	0.000191761901078
8.16173111756e-10	0.000427246246545
8.3391600549e-10	0.000594385404838
8.51658899224e-10	0.00064385967562
8.69401792958e-10	0.000566971139051
8.87144686691e-10	0.000401949757361
9.04887580425e-10	0.000219122321141
9.22630474159e-10	9.08271558728e-05
9.40373367893e-10	6.02489189987e-05
9.58116261627e-10	0.000123982186778
9.75859155361e-10	0.000236393090745
9.93602049094e-10	0.000332404968503
1.01134494283e-09	0.000356756449037
1.02908783656e-09	0.000285905683995
1.0468307303e-09	0.000134047910251
1.06457362403e-09	-5.67540046177e-05
1.08231651776e-09	-0.000235270155827
1.1000594115e-09	-0.000359421683243
1.11780230523e-09	-0.000407489482313
1.13554519897e-09	-0.000380142140784
1.1532880927e-09	-0.000295268233458
1.17103098643e-09	-0.000179483529791
1.18877388017e-09	-5.98519745836e-05
1.2065167739e-09	4.20440037487e-05
1.22425966763e-09	0.000113023015729
1.24200256137e-09	0.00014859080693
1.2597454551e-09	0.000151449727127
1.27748834884e-09	0.000129096904857
1.29523124257e-09	9.13248677534e-05
1.3129741363e-09	4.80536309624e-05
1.33071703004e-09	7.57490067826e-06
1.34845992377e-09	-2.4273271265e-05
1.3662028175e-09	-4.44586376034e-05
1.38394571124e-09	-5.25578479937e-05
1.40168860497e-09	-5.01989916302e-05
1.41943149871e-09	-4.03101475968e-05
1.43717439244e-09	-2.63087245003e-05
1.45491728617e-09	-1.14522561034e-05
1.47266017991e-09	1.60711030617e-06
1.49040307364e-09	1.11677672976e-05
1.50814596738e-09	1.6511271042e-05
1.52588886111e-09	1.78073637471e-05
1.54363175484e-09	1.58650673256e-05
1.56137464858e-09	1.18536338505e-05
1.57911754231e-09	6.9871081223e-06
1.59686043604e-09	2.31625290326e-06
1.61460332978e-09	-1.41813171695e-06
1.63234622351e-09	-3.85581336104e-06
1.65008911725e-09	-4.97307394198e-06
1.66783201098e-09	-4.98702263485e-06
1.68557490471e-09	-4.24410291089e-06
1.70331779845e-09	-3.11345263526e-06
1.72106069218e-09	-1.90431853753e-06
1.73880358592e-09	-8.37616866534e-07
1.75654647965e-09	-3.31439986567e-08
1.77428937338e-09	4.75758760388e-07
