<?xml version="1.0" encoding="UTF-8" standalone="yes" ?>
<openEMS>
  <FDTD NumberOfTimesteps="1000000" endCriteria="0.01" f_max="1010000000">
    <BoundaryCond xmin="PML_8" xmax="PML_8" ymin="PML_8" ymax="PML_8" zmin="PML_8" zmax="PML_8">
    </BoundaryCond>
    <Excitation Type="0" f0="1000000000" fc="10000000">
    </Excitation>
  </FDTD>
  <ContinuousStructure CoordSystem="0">
    <Properties>
      <Metal Name="PEC">
        <Primitives>
          <PolyhedronReader Priority="9800" FileName="C:\Users\lucas\Documents\GitHub\PFE_Iridium\openEMS\Tutorials\tutorial_kicad/gnd_gen_model.stl" FileType="STL">
            <Transformation>
              <Scale Argument="1">
              </Scale>
            </Transformation>
          </PolyhedronReader>
        </Primitives>
      </Metal>
      <Metal Name="copper">
        <Primitives>
          <PolyhedronReader Priority="9900" FileName="C:\Users\lucas\Documents\GitHub\PFE_Iridium\openEMS\Tutorials\tutorial_kicad/trace_gen_model.stl" FileType="STL">
            <Transformation>
              <Scale Argument="1">
              </Scale>
            </Transformation>
          </PolyhedronReader>
        </Primitives>
      </Metal>
      <Material Name="air">
        <Property Epsilon="1" Mue="1" Kappa="0" Sigma="0">
        </Property>
        <Primitives>
          <PolyhedronReader Priority="9600" FileName="C:\Users\lucas\Documents\GitHub\PFE_Iridium\openEMS\Tutorials\tutorial_kicad/air_gen_model.stl" FileType="STL">
            <Transformation>
              <Scale Argument="1">
              </Scale>
            </Transformation>
          </PolyhedronReader>
        </Primitives>
      </Material>
      <Material Name="fr4">
        <Property Epsilon="4.6" Mue="1" Kappa="0" Sigma="0">
        </Property>
        <Primitives>
          <PolyhedronReader Priority="9700" FileName="C:\Users\lucas\Documents\GitHub\PFE_Iridium\openEMS\Tutorials\tutorial_kicad/pcb_gen_model.stl" FileType="STL">
            <Transformation>
              <Scale Argument="1">
              </Scale>
            </Transformation>
          </PolyhedronReader>
        </Primitives>
      </Material>
      <LumpedElement Name="port_resist_1" Direction="2" Caps="1" R="50">
        <Primitives>
          <Box Priority="10000">
            <P1 X="-6.5" Y="-0.5" Z="-0.05">
            </P1>
            <P2 X="-5.5" Y="0.5" Z="1.65">
            </P2>
          </Box>
        </Primitives>
      </LumpedElement>
      <Excitation Name="port_excite_1" Type="0" Excite="-0,-0,-1000">
        <Primitives>
          <Box Priority="10000">
            <P1 X="-6.5" Y="-0.5" Z="-0.05">
            </P1>
            <P2 X="-5.5" Y="0.5" Z="1.65">
            </P2>
          </Box>
        </Primitives>
      </Excitation>
      <ProbeBox Name="port_ut1" Type="0" Weight="-1">
        <Primitives>
          <Box Priority="10000">
            <P1 X="-6" Y="0" Z="-0.05">
            </P1>
            <P2 X="-6" Y="0" Z="1.65">
            </P2>
          </Box>
        </Primitives>
      </ProbeBox>
      <ProbeBox Name="port_it1" Type="1" Weight="1" NormDir="2">
        <Primitives>
          <Box Priority="10000">
            <P1 X="-6.5" Y="-0.5" Z="0.8">
            </P1>
            <P2 X="-5.5" Y="0.5" Z="0.8">
            </P2>
          </Box>
        </Primitives>
      </ProbeBox>
      <DumpBox Name="e_field_probe_e_field" DumpMode="2" DumpType="0">
        <Primitives>
          <Box Priority="0">
            <P1 X="-11" Y="-13" Z="1">
            </P1>
            <P2 X="14" Y="12" Z="1.05">
            </P2>
          </Box>
        </Primitives>
      </DumpBox>
      <DumpBox Name="h_field_probe_h_field" DumpMode="2" DumpType="1">
        <Primitives>
          <Box Priority="0">
            <P1 X="-11" Y="-13" Z="0.9">
            </P1>
            <P2 X="14" Y="12" Z="0.95">
            </P2>
          </Box>
        </Primitives>
      </DumpBox>
    </Properties>
    <RectilinearGrid DeltaUnit="0.001" CoordSystem="0">
      <XLines>-11,-10.9,-10.8,-10.7,-10.6,-10.5,-10.4,-10.3,-10.2,-10.1,-10,-9.9,-9.8,-9.7,-9.6,-9.5,-9.4,-9.3,-9.2,-9.1,-9,-8.9,-8.8,-8.7,-8.6,-8.5,-8.4,-8.3,-8.2,-8.1,-8,-7.9,-7.8,-7.7,-7.6,-7.5,-7.4,-7.3,-7.2,-7.1,-7,-6.9,-6.8,-6.7,-6.6,6.6,6.7,6.8,6.9,7,7.1,7.2,7.3,7.4,7.5,7.6,7.7,7.8,7.9,8,8.1,8.2,8.3,8.4,8.5,8.6,8.7,8.8,8.9,9,9.1,9.2,9.3,9.4,9.5,9.6,9.7,9.8,9.9,10,10.1,10.2,10.3,10.4,10.5,10.6,10.7,10.8,10.9,11,11.1,11.2,11.3,11.4,11.5,11.6,11.7,11.8,11.9,12,12.1,12.2,12.3,12.4,12.5,12.6,12.7,12.8,12.9,13,13.1,13.2,13.3,13.4,13.5,13.6,13.7,13.8,13.9,14,-6.5,-6.45,-6.4,-6.35,-6.3,-6.25,-6.2,-6.15,-6.1,-6.05,-6,-5.95,-5.9,-5.85,-5.8,-5.75,-5.7,-5.65,-5.6,-5.55,-5.5,-5.45,-5.4,-5.35,-5.3,-5.25,-5.2,-5.15,-5.1,-5.05,-5,-4.95,-4.9,-4.85,-4.8,-4.75,-4.7,-4.65,-4.6,-4.55,-4.5,-4.45,-4.4,-4.35,-4.3,-4.25,-4.2,-4.15,-4.1,-4.05,-4,-3.95,-3.9,-3.85,-3.8,-3.75,-3.7,-3.65,-3.6,-3.55,-3.5,-3.45,-3.4,-3.35,-3.3,-3.25,-3.2,-3.15,-3.1,-3.05,-3,-2.95,-2.9,-2.85,-2.8,-2.75,-2.7,-2.65,-2.6,-2.55,-2.5,-2.45,-2.4,-2.35,-2.3,-2.25,-2.2,-2.15,-2.1,-2.05,-2,-1.95,-1.9,-1.85,-1.8,-1.75,-1.7,-1.65,-1.6,-1.55,-1.5,-1.45,-1.4,-1.35,-1.3,-1.25,-1.2,-1.15,-1.1,-1.05,-1,-0.949999999999999,-0.899999999999999,-0.85,-0.8,-0.75,-0.699999999999999,-0.649999999999999,-0.6,-0.55,-0.5,-0.449999999999999,-0.399999999999999,-0.35,-0.3,-0.25,-0.199999999999999,-0.149999999999999,-0.0999999999999996,-0.0499999999999998,0,0.0500000000000007,0.100000000000001,0.15,0.2,0.25,0.300000000000001,0.350000000000001,0.4,0.45,0.5,0.550000000000001,0.600000000000001,0.65,0.7,0.75,0.800000000000001,0.850000000000001,0.9,0.95,1,1.05,1.1,1.15,1.2,1.25,1.3,1.35,1.4,1.45,1.5,1.55,1.6,1.65,1.7,1.75,1.8,1.85,1.9,1.95,2,2.05,2.1,2.15,2.2,2.25,2.3,2.35,2.4,2.45,2.5,2.55,2.6,2.65,2.7,2.75,2.8,2.85,2.9,2.95,3,3.05,3.1,3.15,3.2,3.25,3.3,3.35,3.4,3.45,3.5,3.55,3.6,3.65,3.7,3.75,3.8,3.85,3.9,3.95,4,4.05,4.1,4.15,4.2,4.25,4.3,4.35,4.4,4.45,4.5,4.55,4.6,4.65,4.7,4.75,4.8,4.85,4.9,4.95,5,5.05,5.1,5.15,5.2,5.25,5.3,5.35,5.4,5.45,5.5,5.55,5.6,5.65,5.7,5.75,5.8,5.85,5.9,5.95,6,6.05,6.1,6.15,6.2,6.25,6.3,6.35,6.4,6.45,6.5</XLines>
      <YLines>-13,-12.9,-12.8,-12.7,-12.6,-12.5,-12.4,-12.3,-12.2,-12.1,-12,-11.9,-11.8,-11.7,-11.6,-11.5,-11.4,-11.3,-11.2,-11.1,-11,-10.9,-10.8,-10.7,-10.6,-10.5,-10.4,-10.3,-10.2,-10.1,-10,-9.9,-9.8,-9.7,-9.6,-9.5,-9.4,-9.3,-9.2,-9.1,-9,-8.9,-8.8,-8.7,-8.6,-8.5,-8.4,-8.3,-8.2,-8.1,-8,-7.9,-7.8,-7.7,-7.6,-7.5,-7.4,-7.3,-7.2,-7.1,-7,-6.9,-6.8,-6.7,-6.6,-6.5,-6.4,-6.3,-6.2,-6.1,-6,-5.9,-5.8,-5.7,-5.6,-5.5,-5.4,-5.3,-5.2,-5.1,-5,-4.9,-4.8,-4.7,-4.6,-4.5,-4.4,-4.3,-4.2,-4.1,-4,-3.9,-3.8,-3.7,-3.6,-3.5,-3.4,-3.3,-3.2,-3.1,-3,-2.9,-2.8,-2.7,-2.6,-2.5,-2.4,-2.3,-2.2,-2.1,-2,-1.9,-1.8,-1.7,-1.6,-1.5,-1.4,-1.3,-1.2,-1.1,-1,-0.899999999999999,-0.799999999999999,-0.699999999999999,-0.6,7.4,7.5,7.6,7.7,7.8,7.9,8,8.1,8.2,8.3,8.4,8.5,8.6,8.7,8.8,8.9,9,9.1,9.2,9.3,9.4,9.5,9.6,9.7,9.8,9.9,10,10.1,10.2,10.3,10.4,10.5,10.6,10.7,10.8,10.9,11,11.1,11.2,11.3,11.4,11.5,11.6,11.7,11.8,11.9,12,-0.5,-0.45,-0.4,-0.35,-0.3,-0.25,-0.2,-0.15,-0.1,-0.05,0,0.05,0.1,0.15,0.2,0.25,0.3,0.35,0.4,0.45,0.5,0.55,0.6,0.65,0.7,0.75,0.8,0.85,0.9,0.95,1,1.05,1.1,1.15,1.2,1.25,1.3,1.35,1.4,1.45,1.5,1.55,1.6,1.65,1.7,1.75,1.8,1.85,1.9,1.95,2,2.05,2.1,2.15,2.2,2.25,2.3,2.35,2.4,2.45,2.5,2.55,2.6,2.65,2.7,2.75,2.8,2.85,2.9,2.95,3,3.05,3.1,3.15,3.2,3.25,3.3,3.35,3.4,3.45,3.5,3.55,3.6,3.65,3.7,3.75,3.8,3.85,3.9,3.95,4,4.05,4.1,4.15,4.2,4.25,4.3,4.35,4.4,4.45,4.5,4.55,4.6,4.65,4.7,4.75,4.8,4.85,4.9,4.95,5,5.05,5.1,5.15,5.2,5.25,5.3,5.35,5.4,5.45,5.5,5.55,5.6,5.65,5.7,5.75,5.8,5.85,5.9,5.95,6,6.05,6.1,6.15,6.2,6.25,6.3,6.35,6.4,6.45,6.5,6.55,6.6,6.65,6.7,6.75,6.8,6.85,6.9,6.95,7,7.05,7.1,7.15,7.2,7.25,7.3</YLines>
      <ZLines>-5,-4.9,-4.8,-4.7,-4.6,-4.5,-4.4,-4.3,-4.2,-4.1,-4,-3.9,-3.8,-3.7,-3.6,-3.5,-3.4,-3.3,-3.2,-3.1,-3,-2.9,-2.8,-2.7,-2.6,-2.5,-2.4,-2.3,-2.2,-2.1,-2,-1.9,-1.8,-1.7,-1.6,-1.5,-1.4,-1.3,-1.2,-1.1,-1,-0.899999999999999,-0.8,-0.7,-0.6,-0.5,-0.399999999999999,-0.3,-0.199999999999999,-0.0999999999999996,0.100000000000001,0.2,0.300000000000001,0.4,0.5,0.600000000000001,0.7,0.800000000000001,1.1,1.2,1.3,1.4,1.5,1.7,1.8,1.9,2,2.1,2.2,2.3,2.4,2.5,2.6,2.7,2.8,2.9,3,3.1,3.2,3.3,3.4,3.5,3.6,3.7,3.8,3.9,4,4.1,4.2,4.3,4.4,4.5,4.6,4.7,4.8,4.9,5,0.9,0.925,0.95,1,1.025,1.05,-0.05,-0.025,0,1.6,1.625,1.65</ZLines>
    </RectilinearGrid>
  </ContinuousStructure>
</openEMS>
