% time-domain voltage integration by openEMS v0.0.36 @Sun Dec 21 11:32:38 2025
% start-coordinates: (-3.99665e-05,0.02,-0.0016) m -> [250,750,127]
% stop-coordinates: (-3.99665e-05,0.02,0) m -> [250,750,150]
% t/s	voltage
0	-0
4.15815699525e-11	-0
8.31631399051e-11	-0
1.24744709858e-10	1.68364510973e-21
1.6632627981e-10	7.39775341679e-10
2.07907849763e-10	2.01197749086e-09
2.49489419715e-10	3.02717131917e-08
2.91070989668e-10	1.13816826408e-07
3.3265255962e-10	-1.94059051495e-07
3.74234129573e-10	-7.62258929754e-07
4.15815699525e-10	-1.61677517951e-06
4.57397269478e-10	-2.5040863143e-06
4.9897883943e-10	-2.78210418969e-06
5.40560409383e-10	-1.43297298649e-06
5.82141979335e-10	2.66750902256e-06
6.23723549288e-10	1.00728438639e-05
6.65305119241e-10	1.97476715584e-05
7.06886689193e-10	2.81087889107e-05
7.48468259146e-10	2.87987685965e-05
7.90049829098e-10	1.40678334901e-05
8.31631399051e-10	-2.17936032527e-05
8.73212969003e-10	-7.7451601328e-05
9.14794538956e-10	-0.000139841949022
9.56376108908e-10	-0.000182870015124
9.97957678861e-10	-0.000172497451786
1.03953924881e-09	-7.93970466475e-05
1.08112081877e-09	0.000103495485519
1.12270238872e-09	0.000345509884028
1.16428395867e-09	0.000574024057642
1.20586552862e-09	0.00068916303826
1.24744709858e-09	0.000597891155849
1.28902866853e-09	0.000258078141087
1.33061023848e-09	-0.000285609683942
1.37219180843e-09	-0.000893972232006
1.41377337839e-09	-0.00136555770587
1.45535494834e-09	-0.00150424534877
1.49693651829e-09	-0.00119917493794
1.53851808824e-09	-0.000483452683511
1.5800996582e-09	0.000457914724393
1.62168122815e-09	0.00134124034957
1.6632627981e-09	0.00188228001207
1.70484436805e-09	0.00190131370255
1.74642593801e-09	0.00139164518987
1.78800750796e-09	0.00052229494122
1.82958907791e-09	-0.00042632658915
1.87117064786e-09	-0.00116635398081
1.91275221782e-09	-0.00150282510367
1.95433378777e-09	-0.00139130932803
1.99591535772e-09	-0.000934419260375
2.03749692767e-09	-0.000325747812894
2.07907849763e-09	0.000230109713812
2.12066006758e-09	0.00058739738779
2.16224163753e-09	0.00069460069426
2.20382320748e-09	0.000589255337218
2.24540477744e-09	0.000363115108485
2.28698634739e-09	0.000117618303193
2.32856791734e-09	-7.1615991601e-05
2.37014948729e-09	-0.000170968993189
2.41173105725e-09	-0.000185646601039
2.4533126272e-09	-0.000144428472595
2.49489419715e-09	-8.18131695723e-05
2.5364757671e-09	-2.48203458e-05
2.57805733706e-09	1.26133803633e-05
2.61963890701e-09	2.85940610638e-05
2.66122047696e-09	2.86276283532e-05
2.70280204691e-09	2.05147769066e-05
2.74438361687e-09	1.07743120736e-05
