% time-domain current integration by openEMS v0.0.36 @Sun Dec 21 11:32:38 2025
% start-coordinates: (-0.0015584,-0.02008,-0.000838919) m -> [231,249,138]
% stop-coordinates: (0.00147876,-0.02,-0.000838919) m -> [269,250,138]
% t/s	current
4.62017443917e-14	0
4.16277716969e-11	1.67151847918e-09
8.32093416495e-11	-3.9622247705e-09
1.24790911602e-10	-1.56536099638e-08
1.66372481555e-10	-3.31643938978e-08
2.07954051507e-10	-5.10882713911e-08
2.4953562146e-10	-5.63215785121e-08
2.91117191412e-10	-2.80023986221e-08
3.32698761365e-10	5.6558153716e-08
3.74280331317e-10	2.07909025107e-07
4.1586190127e-10	4.03836878604e-07
4.57443471222e-10	5.70102770325e-07
4.99025041175e-10	5.76880552217e-07
5.40606611127e-10	2.68233748102e-07
5.8218818108e-10	-4.67960745709e-07
6.23769751032e-10	-1.59740079653e-06
6.65351320985e-10	-2.84757334157e-06
7.06932890937e-10	-3.68503333448e-06
7.4851446089e-10	-3.42437624568e-06
7.90096030842e-10	-1.4883220274e-06
8.31677600795e-10	2.2391056973e-06
8.73259170748e-10	7.10741278453e-06
9.148407407e-10	1.16306373457e-05
9.56422310653e-10	1.37998604259e-05
9.98003880605e-10	1.17803547255e-05
1.03958545056e-09	4.79350092064e-06
1.08116702051e-09	-6.18425428911e-06
1.12274859046e-09	-1.83016454685e-05
1.16433016042e-09	-2.75143938779e-05
1.20591173037e-09	-2.99557723338e-05
1.24749330032e-09	-2.35226962104e-05
1.28907487027e-09	-9.00590566744e-06
1.33065644023e-09	9.80843742582e-06
1.37223801018e-09	2.72464912996e-05
1.41381958013e-09	3.77143842343e-05
1.45540115008e-09	3.77604774258e-05
1.49698272004e-09	2.73789319181e-05
1.53856428999e-09	1.00031174952e-05
1.58014585994e-09	-8.80429342942e-06
1.62172742989e-09	-2.34020244534e-05
1.66330899985e-09	-3.0013241485e-05
1.7048905698e-09	-2.78115148831e-05
1.74647213975e-09	-1.88182657439e-05
1.7880537097e-09	-6.79966387906e-06
1.82963527966e-09	4.27333861808e-06
1.87121684961e-09	1.15538068712e-05
1.91279841956e-09	1.398661243e-05
1.95437998951e-09	1.22130641103e-05
1.99596155947e-09	7.92628452473e-06
2.03754312942e-09	3.0482508464e-06
2.07912469937e-09	-9.30898238494e-07
2.12070626932e-09	-3.26854501509e-06
2.16228783928e-09	-3.94015751226e-06
2.20386940923e-09	-3.39134999194e-06
2.24545097918e-09	-2.23263509724e-06
2.28703254913e-09	-9.99904955279e-07
2.32861411909e-09	-3.29830101009e-08
2.37019568904e-09	5.37550761237e-07
2.41177725899e-09	7.37375046356e-07
2.45335882894e-09	6.74719160543e-07
2.4949403989e-09	4.76872287436e-07
2.53652196885e-09	2.50018587167e-07
2.5781035388e-09	6.21292244318e-08
2.61968510875e-09	-5.73451366392e-08
2.66126667871e-09	-1.08457768988e-07
2.70284824866e-09	-1.08451679637e-07
2.74442981861e-09	-8.02547788226e-08
