% time-domain current integration by openEMS v0.0.36 @Sun Dec 21 11:32:38 2025
% start-coordinates: (-0.0015584,0.01992,-0.000838919) m -> [231,749,138]
% stop-coordinates: (0.00147876,0.02,-0.000838919) m -> [269,750,138]
% t/s	current
4.62017443917e-14	0
4.16277716969e-11	0
8.32093416495e-11	0
1.24790911602e-10	-4.50068596552e-26
1.66372481555e-10	-1.54129729812e-11
2.07954051507e-10	-4.5288477829e-11
2.4953562146e-10	-6.49973630473e-10
2.91117191412e-10	-2.0288319913e-09
3.32698761365e-10	4.12010114914e-09
3.74280331317e-10	1.56465667089e-08
4.1586190127e-10	3.29141265354e-08
4.57443471222e-10	5.04991106709e-08
4.99025041175e-10	5.5457675785e-08
5.40606611127e-10	2.71769895477e-08
5.8218818108e-10	-5.67838753796e-08
6.23769751032e-10	-2.06793345114e-07
6.65351320985e-10	-4.00913307885e-07
7.06932890937e-10	-5.6573907159e-07
7.4851446089e-10	-5.72682949951e-07
7.90096030842e-10	-2.66677261607e-07
8.31677600795e-10	4.63873192302e-07
8.73259170748e-10	1.58653051585e-06
9.148407407e-10	2.83206350105e-06
9.56422310653e-10	3.67141751667e-06
9.98003880605e-10	3.42196494785e-06
1.03958545056e-09	1.50493349338e-06
1.08116702051e-09	-2.20260744754e-06
1.12274859046e-09	-7.06148011886e-06
1.16433016042e-09	-1.15961902338e-05
1.20591173037e-09	-1.38008945214e-05
1.24749330032e-09	-1.18314674182e-05
1.28907487027e-09	-4.88825389766e-06
1.33065644023e-09	6.07715264778e-06
1.37223801018e-09	1.82288549695e-05
1.41381958013e-09	2.7516949558e-05
1.45540115008e-09	3.00455812976e-05
1.49698272004e-09	2.36697451328e-05
1.53856428999e-09	9.14685006137e-06
1.58014585994e-09	-9.74074373516e-06
1.62172742989e-09	-2.72849883913e-05
1.66330899985e-09	-3.78324402845e-05
1.7048905698e-09	-3.78770164389e-05
1.74647213975e-09	-2.73973600997e-05
1.7880537097e-09	-9.86733266473e-06
1.82963527966e-09	9.06552395463e-06
1.87121684961e-09	2.36707619479e-05
1.91279841956e-09	3.01275376842e-05
1.95437998951e-09	2.76433165709e-05
1.99596155947e-09	1.8347211153e-05
2.03754312942e-09	6.14372584096e-06
2.07912469937e-09	-4.89119338454e-06
2.12070626932e-09	-1.18922571346e-05
2.16228783928e-09	-1.38884188345e-05
2.20386940923e-09	-1.16762457765e-05
2.24545097918e-09	-7.11070470061e-06
2.28703254913e-09	-2.21459390559e-06
2.32861411909e-09	1.52206098392e-06
2.37019568904e-09	3.45304033544e-06
2.41177725899e-09	3.70225643564e-06
2.45335882894e-09	2.85425585389e-06
2.4949403989e-09	1.59796422849e-06
2.53652196885e-09	4.6686440669e-07
2.5781035388e-09	-2.68436451734e-07
2.61968510875e-09	-5.76204229219e-07
2.66126667871e-09	-5.69473002088e-07
2.70284824866e-09	-4.0441224769e-07
2.74442981861e-09	-2.09986410482e-07
