% time-domain voltage integration by openEMS v0.0.36 @Sun Dec 21 11:32:38 2025
% start-coordinates: (-3.99665e-05,-0.02,-0.0016) m -> [250,250,127]
% stop-coordinates: (-3.99665e-05,-0.02,0) m -> [250,250,150]
% t/s	voltage
0	-0
4.15815699525e-11	7.42850020385e-08
8.31631399051e-11	-2.3993772702e-07
1.24744709858e-10	-8.698917906e-07
1.6632627981e-10	-1.78366346049e-06
2.07907849763e-10	-2.67856930236e-06
2.49489419715e-10	-2.84427048314e-06
2.91070989668e-10	-1.18691182038e-06
3.3265255962e-10	3.43732258301e-06
3.74234129573e-10	1.14657286758e-05
4.15815699525e-10	2.15590175685e-05
4.57397269478e-10	2.96462092706e-05
4.9897883943e-10	2.88674614239e-05
5.40560409383e-10	1.12348685093e-05
5.82141979335e-10	-2.85053320113e-05
6.23723549288e-10	-8.76591632277e-05
6.65305119241e-10	-0.000150965416424
7.06886689193e-10	-0.000190012445728
7.48468259146e-10	-0.000169548648046
7.90049829098e-10	-6.14456893118e-05
8.31631399051e-10	0.000137003923783
8.73212969003e-10	0.000388164154174
9.14794538956e-10	0.000612184835518
9.56376108908e-10	0.000705113656295
9.97957678861e-10	0.000576293001359
1.03953924881e-09	0.000193713476619
1.08112081877e-09	-0.000382168122087
1.12270238872e-09	-0.000996157861664
1.16428395867e-09	-0.00143770213981
1.20586552862e-09	-0.00151412996274
1.24744709858e-09	-0.00113174153012
1.28902866853e-09	-0.000349753786395
1.33061023848e-09	0.000621249258984
1.37219180843e-09	0.00148303786773
1.41377337839e-09	0.00195478503883
1.45535494834e-09	0.00187811545766
1.49693651829e-09	0.00127820402486
1.53851808824e-09	0.000354556305865
1.5800996582e-09	-0.000594779909079
1.62168122815e-09	-0.00128345931444
1.6632627981e-09	-0.0015359274621
1.70484436805e-09	-0.00133706377164
1.74642593801e-09	-0.000817603769974
1.78800750796e-09	-0.000188367359442
1.82958907791e-09	0.000344499570929
1.87117064786e-09	0.000648011755402
1.91275221782e-09	0.00069157881444
1.95433378777e-09	0.000533695994818
1.99591535772e-09	0.000280226286122
2.03749692767e-09	3.64094817087e-05
2.07907849763e-09	-0.000128067610149
2.12066006758e-09	-0.000191549392639
2.16224163753e-09	-0.000172238717369
2.20382320748e-09	-0.000108581278482
2.24540477744e-09	-3.90340159129e-05
2.28698634739e-09	1.11222202008e-05
2.32856791734e-09	3.34993318347e-05
2.37014948729e-09	3.28481497149e-05
2.41173105725e-09	2.00054866752e-05
2.4533126272e-09	5.43035076817e-06
2.49489419715e-09	-4.46898295081e-06
2.5364757671e-09	-7.95533318865e-06
2.57805733706e-09	-6.5533290865e-06
2.61963890701e-09	-3.00766625116e-06
2.66122047696e-09	3.28023922691e-07
2.70280204691e-09	2.23413068312e-06
2.74438361687e-09	2.58966160516e-06
